v <- c(1,3,5,7,-10)
v
v[4]
v[2] <- v[1]-v[5]
v
