u <- 1:6
v <- c(-1,1,-2,2,-3,3)
u
v
u[v > 0]
u[v < 0] = -2*u[v < 0]
u
